0.79016954
0.79409397
0.79372734
0.7897195
0.78325754
0.7778618
0.7779305
0.77760035
0.7795538
0.78259045
0.7856214
0.7876301
0.7894623
0.7904146
0.79050475
0.79017913
0.7905122
0.79081124
0.7908243
0.7909149
0.7917538
0.79317355
0.79483986
0.79637414
0.7975139
0.7982499
0.7992078
0.79895645
0.7972614
0.7959219
0.79371554
0.79142
0.7900178
0.78953606
0.789156
0.7900921
0.79131514
0.7922976
0.7932582
0.7941797
0.79518145
0.7960739
0.7970693
0.79775864
0.79832375
0.79964316
0.8006201
0.80182105
0.80402404
0.740873
0.6506656
0.5076091
0.5233425
0.49951887
0.4844638
0.40917802
0.427222
0.427222
0.4088183
0.6427902
0.5496198
0.5742745
0.48765218
0.42680377
0.4899791
0.5084646
0.36791855
0.388017
0.40254867
0.42340535
0.42340535
0.40925944
0.64689046
0.5381596
0.56498057
0.69859433
0.7064504
0.67829794
0.7622009
0.7648631
0.76899606
0.76822275
0.7668622
0.7697595
0.77361995
0.7771778
0.7799296
0.7833598
0.78647107
0.7898678
0.7915495
0.7925659
0.7929801
0.79336596
0.7931611
0.79373354
0.79524714
0.7957961
0.7949
0.7940988
0.7934775
0.7935287
0.7931372
0.7927874
0.79272145
0.79194367
0.79079914
0.7895856
0.7894619
0.7900711
0.79070747
0.7913689
0.79192036
0.7924388
0.79305893
0.79365784
0.794126
0.79501027
0.795865
0.7963186
0.79655105
0.796915
0.79764646
0.7987965
0.80050266
0.8023819
0.8043633
0.8062766
0.8082614
0.8097003
0.811136
0.7919527
0.796362
0.7934528
0.78933316
0.7825408
0.77819467
0.77821
0.7777107
0.7810572
0.78435975
0.78667307
0.78890914
0.7902736
0.7904573
0.7901929
0.7908133
0.79082525
0.79074436
0.7909166
0.7918508
0.7932337
0.795249
0.7963121
0.7977434
0.7989438
0.7989784
0.79852307
0.7970739
0.79507315
0.7926132
0.7906293
0.78986937
0.7893358
0.78997874
0.79122084
0.7921142
0.7933405
0.79438454
0.7952324
0.7962512
0.79727817
0.79806787
0.79863614
0.79994833
0.8010236
0.8025291
0.8048836
0.8071011
0.80924207
0.8114628
0.8136522
0.81525594
0.81679773
0.81830245
0.7512303
0.6470258
0.5070624
0.6575578
0.70988053
0.68680584
0.4659683
0.38224417
0.4635213
0.6317595
0.65229243
0.60055333
0.60299486
0.7038408
0.71170074
0.6817889
0.7700587
0.7743587
0.6573919
0.5535841
0.5219159
0.6511921
0.6760582
0.62296635
0.616563
0.486678
0.42654562
0.47124594
0.6560554
0.6293505
0.5894733
0.6619742
0.67722493
0.6952245
0.640729
0.71534795
0.7219674
0.7306489
0.73809606
0.7540105
0.7656498
0.77304226
0.7766841
0.7812918
0.78604555
0.7883777
0.79131705
0.7940485
0.7967362
0.7988996
0.7993852
0.79936975
0.7992565
0.7997185
0.80057853
0.8017429
0.80272716
0.8031825
0.8021001
0.79987997
0.7982391
0.796923
0.796295
0.7957241
0.7961543
0.79742676
0.79850084
0.79926276
0.79969424
0.7995816
0.79953235
0.7797809
0.7835801
0.7800887
0.77805847
0.7720259
0.77338
0.77657413
0.77893156
0.78268117
0.7849062
0.78671616
0.7868772
0.78639513
0.78674513
0.78683347
0.7865298
0.7890575
0.7900462
0.7909134
0.7942472
0.7958514
0.7958607
0.7969683
0.7985483
0.79799694
0.7954462
0.79223675
0.79059714
0.7898032
0.7896231
0.7897768
0.7905978
0.7913972
0.73488355
0.660097
0.64672
0.6054253
0.6837887
0.67932314
0.74220407
0.5983551
0.7528839
0.8267541
0.68176514
0.77445567
0.7756098
0.76862407
0.762509
0.76536274
0.76983064
0.7737731
0.7750015
0.7765381
0.7815992
0.7872568
0.7899446
0.7913928
0.7927776
0.7928058
0.7943556
0.7955139
0.79323995
0.79268134
0.7930655
0.7934311
0.7934284
0.79292566
0.7929514
0.7922218
0.7904499
0.78899723
0.78962946
0.79083544
0.7915738
0.7924027
0.7928521
0.7933979
0.7941043
0.7949817
0.7961212
0.796593
0.79679686
0.7968657
0.7976943
0.7994377
0.80106777
0.80357164
0.8055813
0.8075651
0.8094997
0.8110143
0.812793
0.81457263
0.8163645
0.81808597
0.81979686
0.8213369
0.82313097
0.8255762
0.8280076
0.830136
0.83175886
0.8334829
0.8346717
0.727254
0.6993923
0.6679991
0.56843436
0.6677985
0.6759026
0.78880125
0.62164634
0.7122944
0.8236267
0.64454955
0.7257882
0.7285457
0.40291822
0.42210782
0.42210782
0.4040732
0.5959818
0.55443895
0.4411239
0.5082817
0.5028881
0.58974874
0.7151045
0.7243641
0.73128414
0.5997767
0.5128862
0.51398057
0.49631435
0.4154241
0.39468312
0.38933635
0.41113472
0.41113472
0.39951658
0.59889066
0.52263737
0.45783085
0.4833851
0.45785916
0.5512509
0.6483244
0.68452483
0.6911934
0.6925829
0.7105705
0.735483
0.7455092
0.75008667
0.7567012
0.76491225
0.77132857
0.7748789
0.7082184
0.6200907
0.5315718
0.5121208
0.45229012
0.44532973
0.39910102
0.42083818
0.42083818
0.40720892
0.5378638
0.39338136
0.40679276
0.436069
0.435175
0.32941484
0.39435154
0.4148246
0.4148246
0.3977372
0.5729267
0.47815424
0.48893446
0.39273006
0.49345386
0.5496332
0.59531343
0.61922854
0.6568068
0.6532327
0.66602
0.67330956
0.6949833
0.71657664
0.7460044
0.7618631
0.76898265
0.774024
0.7791546
0.7815923
0.78540254
0.78729355
0.7888048
0.7909807
0.7923823
0.7954293
0.79752034
0.70873785
0.6381744
0.5242874
0.5097067
0.45771056
0.45693094
0.39753872
0.42116886
0.42116886
0.40687096
0.64730376
0.523612
0.6117468
0.6048824
0.6312816
0.5741122
0.6310709
0.50590193
0.45350826
0.509938
0.49485886
0.3456816
0.35458857
0.39630115
0.42073017
0.42073017
0.4048061
0.64643294
0.5228576
0.63055587
0.59033096
0.59103125
0.548503
0.60122424
0.6011976
0.62446237
0.65953535
0.6889209
0.6996957
0.70569354
0.7153146
0.7244856
0.7354792
0.7527483
0.7701873
0.779781
0.78712183
0.79003066
0.7922458
0.79732925
0.79946554
0.80235195
0.80524397
0.807
0.8085266
0.8087781
0.8084354
0.80786335
0.8083412
0.80864954
0.80976504
0.8103314
0.8102959
0.8093348
0.8088333
0.8087173
0.80768555
0.8063331
0.8056549
0.8046584
0.803696
0.8034341
0.80364543
0.80361944
0.80419225
0.8045686
0.80496985
0.8050743
0.80540395
0.77907366
0.78031474
0.7879669
0.7861306
0.7810332
0.7769602
0.77542466
0.776638
0.77685034
0.77852714
0.7816658
0.784423
0.7862913
0.78804106
0.7890294
0.7397128
0.6412068
0.5527686
0.52346665
0.46931434
0.6037092
0.6705308
0.550413
0.5700154
0.69268304
0.5345625
0.42378008
0.52376795
0.5041807
0.371664
0.5384706
0.667525
0.53681463
0.5473715
0.64738387
0.6600868
0.65234387
0.71615994
0.7218678
0.73385483
0.7485603
0.75330013
0.7583894
0.7637964
0.77035636
0.7755446
0.7783231
0.7816976
0.7848157
0.78826237
0.7900286
0.79170346
0.7922415
0.7926542
0.7925947
0.79234296
0.7931499
0.7942376
0.79490274
0.7942433
0.7935105
0.7930038
0.7927454
0.7927685
0.7921749
0.7916401
0.7278813
0.6506604
0.52235025
0.5150842
0.47967654
0.6060757
0.6735941
0.5291425
0.58105576
0.6761408
0.68684363
0.64686406
0.71863
0.7189551
0.7297753
0.74190754
0.7562132
0.7612621
0.7659723
0.7699936
0.77399856
0.77898806
0.78298104
0.78538054
0.78724337
0.7897358
0.79282373
0.79524183
0.71619076
0.64097166
0.52826357
0.5122515
0.46049428
0.6049271
0.66654533
0.52010626
0.61464465
0.6667079
0.6813646
0.6271773
0.69201916
0.6981496
0.7065754
0.719988
0.7320045
0.7506168
0.76320595
0.77093786
0.7753174
0.7797696
0.78423154
0.69364244
0.6233191
0.52120197
0.51132804
0.44654524
0.58952725
0.6618579
0.3628353
0.38867724
0.4809928
0.4524061
0.29573786
0.505627
0.66225487
0.50812966
0.6044431
0.5413017
0.5530827
0.5305039
0.5777074
0.5915203
0.62149274
0.658239
0.6849573
0.70540875
0.7225421
0.7806029
0.78190285
0.7891119
0.7860844
0.7804702
0.7763754
0.7762571
0.77678686
0.7773929
0.77979016
0.78321785
0.7854739
0.7873334
0.7887466
0.78959066
0.7892784
0.7892957
0.7900822
0.7905574
0.790486
0.79044974
0.7914101
0.7928627
0.79469246
0.7958325
0.79688555
0.7979568
0.7986087
0.7986885
0.7448191
0.6581204
0.5262073
0.677102
0.7083895
0.6929681
0.5854064
0.6859739
0.69006974
0.6867873
0.7569848
0.75593597
0.7661509
0.7630256
0.76531523
0.7690051
0.77256256
0.77608895
0.7781376
0.78156084
0.7858067
0.788456
0.7894818
0.7906315
0.790746
0.7909168
0.7909059
0.7906794
0.7917205
0.7921067
0.79274625
0.73673415
0.6535328
0.53745055
0.67845637
0.7043209
0.6897697
0.58162844
0.6860308
0.695409
0.6723894
0.7476459
0.75018865
0.6333343
0.5357299
0.6652679
0.7159659
0.618731
0.6499484
0.75856364
0.69456947
0.51000726
0.48561627
0.51330197
0.64330053
0.4788735
0.496768
0.3795501
0.49905032
0.6169642
0.5542249
0.6609052
0.5557805
0.61099684
0.5660993
0.6088551
0.63454074
0.6642625
0.6874107
0.56790787
0.50109357
0.512752
0.64290786
0.6533309
0.60929143
0.6993386
0.6145255
0.6511107
0.58386266
0.65540427
0.6699195
0.6908868
0.7045638
0.71709615
0.72835416
0.741537
0.75700194
0.7720271
0.7812759
0.7881976
0.7910195
0.7955688
0.7988467
0.80154634
0.8046877
0.8074065
0.80865824
0.6856684
0.6283441
0.51777315
0.66868323
0.68741494
0.67286325
0.7198437
0.4411356
0.42467982
0.46763086
0.66230917
0.78874016
0.7934199
0.7888256
0.7844768
0.7783758
0.7765931
0.77680767
0.7785475
0.78213686
0.78512365
0.78722364
0.78916377
0.78907967
0.78865254
0.7900113
0.7899465
0.7898072
0.7909519
0.79218894
0.79411674
0.79561025
0.79679143
0.7983932
0.7990958
0.79821366
0.79667556
0.7944302
0.79174364
0.7903249
0.78967375
0.78958327
0.790695
0.7917228
0.79297763
0.7940978
0.7949969
0.7960635
0.7971596
0.79820293
0.7987925
0.7999802
0.8011216
0.8024924
0.80485904
0.80728686
0.80946153
0.81182027
0.8140787
0.81565267
0.81733173
0.81906146
0.8208397
0.8226524
0.8244123
0.8261258
0.82777643
0.82940656
0.83105063
0.83235174
0.833546
0.8346017
0.8357145
0.8369388
0.8382655
0.7497401
0.64760315
0.64510983
0.68989617
0.6973076
0.7171516
0.769429
0.70901614
0.69712734
0.78640956
0.78513175
0.7787168
0.688518
0.5854063
0.67685604
0.7202053
0.63902885
0.67354125
0.7790663
0.7088855
0.6821398
0.77221787
0.7758893
0.7735296
0.7679883
0.7690359
0.7737494
0.7767826
0.77911586
0.7821887
0.7859514
0.7895465
0.79105014
0.7916871
0.79242885
0.79236317
0.7938533
0.7955769
0.79511744
0.79432154
0.7936419
0.79318297
0.79308945
0.79306716
0.79262316
0.7913693
0.7896747
0.7890789
0.7896969
0.7908015
0.7915479
0.79224724
0.79265755
0.77127
0.7740465
0.77662754
0.7789553
0.635218
0.5597023
0.531375
0.50783604
0.40952563
0.41475642
0.4063745
0.42609185
0.42609185
0.4059211
0.6126206
0.53410786
0.5329726
0.60533726
0.6345609
0.64607954
0.71046215
0.71784407
0.72211725
0.73349935
0.7443753
0.62740123
0.54478604
0.52305156
0.50448316
0.41308802
0.4086609
0.4005384
0.4220426
0.4220426
0.4069088
0.6209159
0.5335869
0.50971323
0.60049015
0.61429846
0.62406397
0.678562
0.6908217
0.69560367
0.7109006
0.72331655
0.7337644
0.74516976
0.75330323
0.7568421
0.7612642
0.7643854
0.7675243
0.77272636
0.69823545
0.6079865
0.5286295
0.51193917
0.44804108
0.4358011
0.40024114
0.42294937
0.42294937
0.40928423
0.6446022
0.52569246
0.5495118
0.63247293
0.61721957
0.47642356
0.46358478
0.49891436
0.49034327
0.33735782
0.35325903
0.39073074
0.41372257
0.41372257
0.40092617
0.6059449
0.5192146
0.42283148
0.41801208
0.4069438
0.43204916
0.501616
0.53253007
0.45481187
0.40912497
0.5019663
0.48582357
0.3454287
0.3480953
0.38394994
0.4092664
0.4092664
0.40003645
0.6157491
0.51829755
0.46082616
0.44263947
0.41335714
0.41466045
0.4877783
0.51932985
0.54217887
0.5879879
0.5939323
0.61543435
0.64579433
0.67801845
0.54432917
0.48560768
0.51397234
0.49966013
0.3871597
0.37653595
0.39376348
0.4197132
0.4197132
0.40156776
0.609319
0.5014412
0.49157518
0.4244343
0.43908596
0.41596657
0.4854545
0.5134941
0.5415521
0.44637728
0.40283337
0.508948
0.47836626
0.33458436
0.3335207
0.38205415
0.40787894
0.40787894
0.39574993
0.513382
0.38241905
0.41035795
0.4396901
0.42734164
0.2940628
0.38416195
0.40649414
0.40649414
0.38473016
0.5727759
0.47581095
0.57106984
0.41822332
0.47118592
0.4662704
0.50822544
0.496337
0.39113826
0.39289588
0.52289987
0.4651274
0.26848936
0.3006627
0.3756914
0.39955324
0.39955324
0.38134086
0.5827732
0.492669
0.5983616
0.40633124
0.48532104
0.4781708
0.5223793
0.53066766
0.57005346
0.6114786
0.63178444
0.65825063
0.68843085
0.70299417
0.7212312
0.7379579
0.7486252
0.75808245
0.7627136
0.762961
0.7704478
0.77819335
0.56618565
0.5155729
0.5232683
0.4919688
0.39642245
0.36450619
0.37667757
0.4038093
0.4038093
0.38659406
0.63817555
0.5522827
0.70622176
