0.7626442
0.76573265
0.766907
0.7685858
0.7695447
0.77036417
0.77210176
0.7731937
0.77477646
0.7763145
0.77783
0.77939135
0.7812432
0.78299534
0.7848118
0.7866583
0.78791404
0.7894844
0.7909024
0.7921871
0.79342437
0.7947018
0.7955784
0.79658264
0.79762787
0.79795027
0.7989988
0.7996397
0.8001028
0.80081296
0.80127424
0.8018736
0.8023036
0.80271745
0.8031436
0.80335826
0.8039979
0.8043703
0.8045106
0.8049142
0.80508256
0.80504256
0.80504227
0.80488956
0.804881
0.8048302
0.80465543
0.804482
0.8041489
0.6583321
0.6117907
0.53046405
0.5080491
0.47283804
0.560177
0.4391784
0.41140068
0.41140068
0.43576723
0.65446556
0.57437366
0.58631647
0.48668826
0.42939007
0.55317503
0.5557416
0.43073803
0.48633933
0.4230178
0.4051999
0.4051999
0.4063483
0.64781713
0.53610337
0.5886276
0.6498326
0.6469537
0.69519746
0.7307926
0.73962224
0.74778014
0.7536949
0.7585205
0.76167315
0.7637303
0.7654195
0.76693463
0.76877105
0.77066934
0.7725665
0.7742768
0.7759087
0.77740616
0.7786442
0.7799078
0.7810911
0.78203386
0.78297573
0.7837321
0.78443074
0.785022
0.78535825
0.7856088
0.7857564
0.7859975
0.7860063
0.7860811
0.7861696
0.7859025
0.7857633
0.7854183
0.7853515
0.78572655
0.7859804
0.786412
0.7867887
0.7871787
0.78771496
0.7881654
0.788723
0.7891846
0.7896597
0.7901739
0.79060173
0.79106015
0.791463
0.7919058
0.79221296
0.7925924
0.79299045
0.793392
0.7632658
0.76632774
0.7674531
0.7688576
0.77014905
0.7712132
0.7729999
0.77423406
0.775877
0.77749705
0.7791443
0.78078604
0.78288937
0.7846805
0.78640175
0.78828025
0.78957766
0.79116696
0.7925932
0.79387945
0.79505694
0.79627216
0.7971065
0.79799366
0.7989782
0.7992957
0.80034405
0.8009596
0.8013971
0.80210674
0.8025713
0.8030664
0.8034415
0.80398273
0.80460685
0.80474186
0.8052472
0.80557674
0.80562043
0.8058086
0.805746
0.8056584
0.80563366
0.80547506
0.80541575
0.805134
0.8047168
0.8044419
0.80452025
0.80505633
0.8054927
0.8058991
0.80627143
0.80671614
0.6534455
0.5916203
0.5172789
0.65975523
0.63543516
0.76858115
0.58896947
0.43994147
0.47614652
0.6530193
0.6326716
0.6489419
0.63547933
0.657124
0.65027446
0.7029387
0.7358278
0.74484843
0.6325936
0.57832235
0.5789255
0.6944703
0.6512736
0.6631556
0.6446317
0.4719975
0.4103319
0.5419877
0.6797093
0.63505185
0.60095006
0.6401656
0.61781764
0.6313857
0.663697
0.71193814
0.72291976
0.73182535
0.7399634
0.748322
0.7555493
0.76217794
0.7684164
0.77376825
0.777884
0.7790072
0.7795214
0.7798986
0.7799281
0.7799803
0.7798766
0.77970684
0.779433
0.7798882
0.7805154
0.78106403
0.7815503
0.782107
0.7826061
0.7831106
0.78345495
0.78367794
0.78392076
0.7840879
0.7842803
0.7844718
0.78489923
0.7851427
0.7854414
0.78573465
0.7860647
0.75836086
0.76398027
0.7678299
0.76992106
0.77171254
0.77091384
0.77237356
0.77424705
0.7753042
0.7771495
0.78038174
0.7813416
0.78350997
0.7864644
0.7879663
0.7886689
0.7910955
0.7927649
0.79321384
0.7957763
0.79688424
0.7973951
0.7983202
0.79932654
0.8001995
0.8008602
0.8011855
0.8022759
0.8028874
0.8034777
0.80405474
0.80447686
0.8045643
0.6816466
0.64084554
0.6364995
0.60982466
0.6775934
0.7414153
0.7994587
0.57135355
0.656969
0.6814463
0.6995989
0.73364997
0.7409264
0.7479267
0.7539785
0.7605873
0.76356673
0.7659862
0.7690047
0.7698389
0.7728108
0.774513
0.775432
0.77730477
0.77859735
0.7803278
0.78188324
0.78390515
0.78404593
0.78553396
0.78630644
0.78625774
0.7869489
0.7864286
0.7871487
0.78705263
0.7875525
0.78767276
0.78719765
0.7871773
0.7864951
0.78667957
0.7869712
0.78766996
0.7879601
0.78844005
0.7892042
0.7894193
0.7905525
0.79080397
0.7912735
0.7921661
0.79186344
0.7928059
0.79338086
0.7936027
0.7942318
0.794425
0.795
0.7954316
0.7957278
0.79606193
0.79659575
0.7969354
0.7972137
0.7975051
0.797844
0.79819953
0.7985069
0.79962695
0.79969215
0.6353395
0.6653657
0.64096826
0.55635715
0.5326485
0.6027186
0.78461146
0.64176375
0.71722436
0.67764455
0.6730243
0.7185991
0.7286953
0.4244842
0.40258718
0.40258718
0.42681807
0.6299643
0.5247964
0.41126025
0.532163
0.562007
0.5832226
0.6894523
0.70224667
0.71838856
0.63260406
0.5859255
0.61428905
0.57155365
0.45898443
0.51406693
0.41106212
0.38004798
0.38004798
0.3941087
0.62278694
0.45751148
0.43702984
0.5101084
0.50330603
0.5440319
0.651798
0.66633296
0.6852081
0.69965816
0.7127685
0.7233281
0.73219657
0.74601567
0.75527686
0.76217246
0.76264274
0.7647166
0.6840365
0.6116605
0.5777368
0.5377616
0.4953825
0.56263274
0.42157465
0.39941216
0.39941216
0.383663
0.5288744
0.4213339
0.50019234
0.45510274
0.36119628
0.40461296
0.41830546
0.3851872
0.3851872
0.35330284
0.61070615
0.42569822
0.49132365
0.50892705
0.53948075
0.56495595
0.6347217
0.6422874
0.66080093
0.6700511
0.68566966
0.70021
0.71338046
0.72451586
0.740304
0.75006396
0.7559142
0.7600141
0.7647542
0.7688129
0.7739549
0.7752123
0.7760323
0.7769464
0.7762126
0.7767874
0.77681535
0.66762656
0.6235566
0.5671946
0.51657945
0.5204444
0.5891107
0.4182425
0.3872984
0.3872984
0.37592268
0.6095146
0.46001905
0.5612559
0.57048047
0.58041555
0.5910075
0.65548563
0.525943
0.5176918
0.5534077
0.51396704
0.4480154
0.48905098
0.41619444
0.37822872
0.37822872
0.37629777
0.59282815
0.4540701
0.55935025
0.5568679
0.55591387
0.5774014
0.6395056
0.65742767
0.6765915
0.69672656
0.70704114
0.7152866
0.72348344
0.7317032
0.73783356
0.74500024
0.7520346
0.75924075
0.7649504
0.7705946
0.7760137
0.7807611
0.7855764
0.78847814
0.79029024
0.79117036
0.7916559
0.79252625
0.7931444
0.79363847
0.79411536
0.7945607
0.7946971
0.7948153
0.7949352
0.79489017
0.7946541
0.79423475
0.7946236
0.7942569
0.7939893
0.7939559
0.7935325
0.7932142
0.79310477
0.7928166
0.7925582
0.7926048
0.79223496
0.7922447
0.79171276
0.7915191
0.7577079
0.76311904
0.76613194
0.7679101
0.7680875
0.7690568
0.76989746
0.7710237
0.77267265
0.77378565
0.7750323
0.7768544
0.77801883
0.7797104
0.7816231
0.71015537
0.6511049
0.58651817
0.5640191
0.49830204
0.621705
0.67358893
0.57060033
0.57400495
0.64146185
0.4979205
0.50104135
0.6024021
0.55650115
0.43555367
0.57547534
0.6446675
0.51227725
0.5550095
0.60411304
0.6235702
0.6482376
0.70222354
0.71582353
0.7291548
0.73970103
0.7488083
0.7559435
0.7605567
0.76270115
0.7641883
0.7662109
0.76745814
0.76916444
0.77072346
0.7719826
0.7737705
0.7752702
0.7766076
0.7777622
0.77915955
0.7800677
0.7808666
0.7819755
0.78235674
0.7831234
0.78366804
0.7837664
0.7842503
0.7845018
0.7844367
0.6758933
0.64726454
0.5690367
0.51544106
0.5243339
0.6505159
0.6840285
0.49103153
0.57918406
0.6232245
0.6326921
0.66141707
0.70688415
0.7178706
0.72792774
0.73662484
0.74466765
0.7514186
0.75794876
0.76376855
0.76755494
0.7687391
0.7696797
0.77062416
0.77130806
0.7720765
0.7727339
0.77336955
0.68132484
0.62564284
0.5732248
0.52674687
0.5173963
0.6236243
0.65158176
0.47658455
0.5873717
0.6038308
0.6210015
0.6443818
0.6991124
0.71187794
0.72288173
0.7315224
0.7390251
0.7468256
0.753131
0.75890994
0.7642312
0.76894987
0.7736689
0.65107155
0.60114604
0.5608748
0.5244287
0.5035144
0.6128586
0.6324898
0.48030275
0.39152747
0.5078805
0.41434288
0.38556534
0.5263803
0.60630584
0.44205195
0.5429654
0.54308414
0.54759824
0.5725729
0.6296402
0.65330637
0.68231857
0.7029129
0.7154332
0.72810644
0.7381284
0.7589199
0.7637786
0.7666751
0.76845324
0.76838833
0.7694528
0.7706733
0.771828
0.77358603
0.77474
0.77609694
0.778029
0.77921975
0.7811861
0.78313076
0.7847948
0.78626645
0.78772366
0.7891655
0.7903638
0.79166496
0.79279387
0.7939067
0.7950361
0.79576296
0.7966249
0.79731023
0.79787475
0.79870033
0.6962479
0.6543569
0.5697793
0.68959314
0.66419274
0.76861167
0.6709659
0.639089
0.6429269
0.6886722
0.7399991
0.7464938
0.75552547
0.7599181
0.7608695
0.76322013
0.76446486
0.76678586
0.76872647
0.7709799
0.7728962
0.774927
0.777272
0.7784976
0.78025115
0.781767
0.7827623
0.78432274
0.78550124
0.78630567
0.78782785
0.69406754
0.65465635
0.5760206
0.6912139
0.6688075
0.75723565
0.66223407
0.63755
0.64201975
0.68401873
0.7228054
0.73219717
0.6239572
0.5753975
0.6886914
0.7328255
0.6360148
0.69356215
0.70727193
0.6381088
0.47431296
0.5362228
0.57769614
0.67861533
0.56937957
0.50797457
0.47830993
0.5451694
0.57135606
0.55800986
0.6171403
0.55512464
0.5754539
0.59332764
0.66117585
0.68825305
0.7048868
0.7171467
0.57160646
0.55743325
0.54975396
0.6725486
0.64865834
0.61987376
0.64104044
0.5749884
0.58968616
0.611087
0.6796994
0.6976186
0.71205676
0.72232896
0.73075646
0.7386893
0.74670744
0.7541431
0.76004803
0.76634717
0.7726684
0.7788708
0.7849027
0.788885
0.7915933
0.79241055
0.79323095
0.7938632
0.6340414
0.6152626
0.5515843
0.66496205
0.6789677
0.705922
0.6443716
0.44989133
0.37941313
0.5144104
0.655924
0.7633328
0.76675653
0.7684466
0.76934576
0.7707097
0.77214384
0.77388287
0.7754456
0.7769617
0.77883554
0.78045285
0.78274935
0.7847966
0.78673184
0.7886269
0.7901223
0.7917888
0.7933183
0.79474795
0.7959373
0.79720896
0.7980268
0.7989166
0.79974705
0.8003886
0.8012134
0.8018323
0.80245304
0.8032036
0.80359
0.8042362
0.8049642
0.8053866
0.80596435
0.8062292
0.8064662
0.80669665
0.8066935
0.80654866
0.80666125
0.80645084
0.80637765
0.80616456
0.8056185
0.8054011
0.80536056
0.8059627
0.8064956
0.8068315
0.80733967
0.8076907
0.80813336
0.8085219
0.8088992
0.80934405
0.80974805
0.8101811
0.81064165
0.81097746
0.8114385
0.81179744
0.8122036
0.81266963
0.8129815
0.6538849
0.5664321
0.5777577
0.6838473
0.6790272
0.7276497
0.7424592
0.653844
0.7077799
0.751717
0.75835407
0.7611928
0.6735348
0.6011586
0.67684305
0.7440078
0.66316074
0.7058623
0.71118903
0.6509113
0.7041744
0.7372581
0.7458546
0.75332034
0.757916
0.7616763
0.7640557
0.765837
0.768069
0.77013564
0.7723854
0.7743713
0.77619934
0.7780005
0.7795311
0.7810208
0.78232276
0.78336823
0.78420883
0.78504694
0.7858379
0.78625673
0.78652406
0.78690696
0.787092
0.78714913
0.7873342
0.78720754
0.7868975
0.7868458
0.78632987
0.7866044
0.7871891
0.7499956
0.75583637
0.76135844
0.76349956
0.6662158
0.60574013
0.59847856
0.5727366
0.4502684
0.5008193
0.4255218
0.4094088
0.4094088
0.42926675
0.6466032
0.5296018
0.51951504
0.57921004
0.6138818
0.62913096
0.7010133
0.7103716
0.7217118
0.73399997
0.7439392
0.6469002
0.59311664
0.59302294
0.55051064
0.45907074
0.51219124
0.42191344
0.40300196
0.40300196
0.40058917
0.63959
0.49146318
0.5111603
0.5699793
0.58988917
0.5993349
0.67316043
0.6843369
0.69589996
0.70945525
0.7210481
0.7308918
0.73993564
0.7478266
0.7534248
0.75674474
0.7602345
0.7608919
0.7621369
0.66930616
0.60422015
0.5744825
0.5378107
0.48722148
0.5532044
0.42310816
0.40270072
0.40270072
0.3874923
0.6344451
0.47571284
0.53989995
0.58702993
0.59161097
0.46110183
0.4979906
0.584061
0.5383968
0.4316032
0.49009073
0.4165392
0.38349384
0.38349384
0.36394894
0.6070416
0.42745858
0.4564675
0.49577957
0.4937532
0.52137667
0.590507
0.6116618
0.5203826
0.49156648
0.568162
0.52964604
0.4433204
0.493908
0.41262603
0.37226266
0.37226266
0.36423486
0.592371
0.4254356
0.47132182
0.5046125
0.49802953
0.5240502
0.57249105
0.5964577
0.6169784
0.6437403
0.65810347
0.67583805
0.6973504
0.7098764
0.5675631
0.557962
0.5504739
0.51647234
0.46848136
0.5136767
0.41576886
0.37721968
0.37721968
0.363316
0.5830884
0.42778033
0.49180788
0.4966234
0.5040334
0.52104825
0.55532324
0.581774
0.60745203
0.4780938
0.4796663
0.5391781
0.4956879
0.44479728
0.46836513
0.40576047
0.35898155
0.35898155
0.36979002
0.44804293
0.38375682
0.5148094
0.38273627
0.31488657
0.39562136
0.39791405
0.35215145
0.35215145
0.35670477
0.54256433
0.4529308
0.53057694
0.50341856
0.5048931
0.5295184
0.55009997
0.5636597
0.40877712
0.39058214
0.50397295
0.46667922
0.42433625
0.38305652
0.38652927
0.3453567
0.3453567
0.3718415
0.52821827
0.4722438
0.5475534
0.49946165
0.5142413
0.53221625
0.564186
0.594082
0.6349743
0.65971255
0.6760783
0.69573545
0.7103083
0.7199168
0.7307264
0.738172
0.74523205
0.7524397
0.7588551
0.7642944
0.77068377
0.77611804
0.5355812
0.5480368
0.53694636
0.4715349
0.50002646
0.4780537
0.3954969
0.35051578
0.35051578
0.38683015
0.5313839
0.5004136
0.5795908
